# 2.236068 dist:2.236068
0.000000 0.000000 6.250000
1.000000 0.000000 4.250000


# 2.236068 dist:2.236068
0.000000 0.000000 6.250000
0.000000 1.000000 4.250000


# 2.236068 dist:2.236068
0.000000 0.000000 6.250000
1.000000 0.000000 4.250000


# 1.414214 dist:1.414214
1.000000 0.000000 4.250000
2.000000 0.000000 3.250000


# 2.236068 dist:2.236068
1.000000 0.000000 4.250000
1.000000 1.000000 2.250000


# 1.414214 dist:1.414214
1.000000 0.000000 4.250000
0.000000 1.000000 4.250000


# 1.414214 dist:1.414214
1.000000 0.000000 4.250000
2.000000 0.000000 3.250000


# 1.000000 dist:1.000000
2.000000 0.000000 3.250000
3.000000 0.000000 3.250000


# 2.236068 dist:2.236068
2.000000 0.000000 3.250000
2.000000 1.000000 1.250000


# 1.732051 dist:1.732051
2.000000 0.000000 3.250000
1.000000 1.000000 2.250000


# 1.000000 dist:1.000000
2.000000 0.000000 3.250000
3.000000 0.000000 3.250000


# 1.414214 dist:1.414214
3.000000 0.000000 3.250000
4.000000 0.000000 4.250000


# 2.236068 dist:2.236068
3.000000 0.000000 3.250000
3.000000 1.000000 1.250000


# 2.449490 dist:2.449490
3.000000 0.000000 3.250000
2.000000 1.000000 1.250000


# 1.414214 dist:1.414214
3.000000 0.000000 3.250000
4.000000 0.000000 4.250000


# 2.236068 dist:2.236068
4.000000 0.000000 4.250000
5.000000 0.000000 6.250000


# 2.236068 dist:2.236068
4.000000 0.000000 4.250000
4.000000 1.000000 2.250000


# 3.316625 dist:3.316625
4.000000 0.000000 4.250000
3.000000 1.000000 1.250000


# 2.236068 dist:2.236068
4.000000 0.000000 4.250000
5.000000 0.000000 6.250000


# 2.236068 dist:2.236068
5.000000 0.000000 6.250000
5.000000 1.000000 4.250000


# 4.242641 dist:4.242641
5.000000 0.000000 6.250000
4.000000 1.000000 2.250000


# 2.236068 dist:2.236068
0.000000 1.000000 4.250000
1.000000 1.000000 2.250000


# 2.236068 dist:2.236068
0.000000 0.000000 6.250000
0.000000 1.000000 4.250000


# 1.414214 dist:1.414214
0.000000 1.000000 4.250000
0.000000 2.000000 3.250000


# 1.414214 dist:1.414214
1.000000 0.000000 4.250000
0.000000 1.000000 4.250000


# 2.236068 dist:2.236068
0.000000 1.000000 4.250000
1.000000 1.000000 2.250000


# 1.414214 dist:1.414214
1.000000 1.000000 2.250000
2.000000 1.000000 1.250000


# 2.236068 dist:2.236068
1.000000 0.000000 4.250000
1.000000 1.000000 2.250000


# 1.414214 dist:1.414214
1.000000 1.000000 2.250000
1.000000 2.000000 1.250000


# 1.732051 dist:1.732051
1.000000 1.000000 2.250000
0.000000 2.000000 3.250000


# 1.732051 dist:1.732051
2.000000 0.000000 3.250000
1.000000 1.000000 2.250000


# 1.414214 dist:1.414214
1.000000 1.000000 2.250000
2.000000 1.000000 1.250000


# 1.000000 dist:1.000000
2.000000 1.000000 1.250000
3.000000 1.000000 1.250000


# 2.236068 dist:2.236068
2.000000 0.000000 3.250000
2.000000 1.000000 1.250000


# 1.414214 dist:1.414214
2.000000 1.000000 1.250000
2.000000 2.000000 0.250000


# 1.414214 dist:1.414214
2.000000 1.000000 1.250000
1.000000 2.000000 1.250000


# 2.449490 dist:2.449490
3.000000 0.000000 3.250000
2.000000 1.000000 1.250000


# 1.000000 dist:1.000000
2.000000 1.000000 1.250000
3.000000 1.000000 1.250000


# 1.414214 dist:1.414214
3.000000 1.000000 1.250000
4.000000 1.000000 2.250000


# 2.236068 dist:2.236068
3.000000 0.000000 3.250000
3.000000 1.000000 1.250000


# 1.414214 dist:1.414214
3.000000 1.000000 1.250000
3.000000 2.000000 0.250000


# 1.732051 dist:1.732051
3.000000 1.000000 1.250000
2.000000 2.000000 0.250000


# 3.316625 dist:3.316625
4.000000 0.000000 4.250000
3.000000 1.000000 1.250000


# 1.414214 dist:1.414214
3.000000 1.000000 1.250000
4.000000 1.000000 2.250000


# 2.236068 dist:2.236068
4.000000 1.000000 2.250000
5.000000 1.000000 4.250000


# 2.236068 dist:2.236068
4.000000 0.000000 4.250000
4.000000 1.000000 2.250000


# 1.414214 dist:1.414214
4.000000 1.000000 2.250000
4.000000 2.000000 1.250000


# 2.449490 dist:2.449490
4.000000 1.000000 2.250000
3.000000 2.000000 0.250000


# 4.242641 dist:4.242641
5.000000 0.000000 6.250000
4.000000 1.000000 2.250000


# 2.236068 dist:2.236068
4.000000 1.000000 2.250000
5.000000 1.000000 4.250000


# 2.236068 dist:2.236068
5.000000 0.000000 6.250000
5.000000 1.000000 4.250000


# 1.414214 dist:1.414214
5.000000 1.000000 4.250000
5.000000 2.000000 3.250000


# 3.316625 dist:3.316625
5.000000 1.000000 4.250000
4.000000 2.000000 1.250000


# 2.236068 dist:2.236068
0.000000 2.000000 3.250000
1.000000 2.000000 1.250000


# 1.414214 dist:1.414214
0.000000 1.000000 4.250000
0.000000 2.000000 3.250000


# 1.000000 dist:1.000000
0.000000 2.000000 3.250000
0.000000 3.000000 3.250000


# 1.732051 dist:1.732051
1.000000 1.000000 2.250000
0.000000 2.000000 3.250000


# 2.236068 dist:2.236068
0.000000 2.000000 3.250000
1.000000 2.000000 1.250000


# 1.414214 dist:1.414214
1.000000 2.000000 1.250000
2.000000 2.000000 0.250000


# 1.414214 dist:1.414214
1.000000 1.000000 2.250000
1.000000 2.000000 1.250000


# 1.000000 dist:1.000000
1.000000 2.000000 1.250000
1.000000 3.000000 1.250000


# 2.449490 dist:2.449490
1.000000 2.000000 1.250000
0.000000 3.000000 3.250000


# 1.414214 dist:1.414214
2.000000 1.000000 1.250000
1.000000 2.000000 1.250000


# 1.414214 dist:1.414214
1.000000 2.000000 1.250000
2.000000 2.000000 0.250000


# 1.000000 dist:1.000000
2.000000 2.000000 0.250000
3.000000 2.000000 0.250000


# 1.414214 dist:1.414214
2.000000 1.000000 1.250000
2.000000 2.000000 0.250000


# 1.000000 dist:1.000000
2.000000 2.000000 0.250000
2.000000 3.000000 0.250000


# 1.732051 dist:1.732051
2.000000 2.000000 0.250000
1.000000 3.000000 1.250000


# 1.732051 dist:1.732051
3.000000 1.000000 1.250000
2.000000 2.000000 0.250000


# 1.000000 dist:1.000000
2.000000 2.000000 0.250000
3.000000 2.000000 0.250000


# 1.414214 dist:1.414214
3.000000 2.000000 0.250000
4.000000 2.000000 1.250000


# 1.414214 dist:1.414214
3.000000 1.000000 1.250000
3.000000 2.000000 0.250000


# 1.000000 dist:1.000000
3.000000 2.000000 0.250000
3.000000 3.000000 0.250000


# 1.414214 dist:1.414214
3.000000 2.000000 0.250000
2.000000 3.000000 0.250000


# 2.449490 dist:2.449490
4.000000 1.000000 2.250000
3.000000 2.000000 0.250000


# 1.414214 dist:1.414214
3.000000 2.000000 0.250000
4.000000 2.000000 1.250000


# 2.236068 dist:2.236068
4.000000 2.000000 1.250000
5.000000 2.000000 3.250000


# 1.414214 dist:1.414214
4.000000 1.000000 2.250000
4.000000 2.000000 1.250000


# 1.000000 dist:1.000000
4.000000 2.000000 1.250000
4.000000 3.000000 1.250000


# 1.732051 dist:1.732051
4.000000 2.000000 1.250000
3.000000 3.000000 0.250000


# 3.316625 dist:3.316625
5.000000 1.000000 4.250000
4.000000 2.000000 1.250000


# 2.236068 dist:2.236068
4.000000 2.000000 1.250000
5.000000 2.000000 3.250000


# 1.414214 dist:1.414214
5.000000 1.000000 4.250000
5.000000 2.000000 3.250000


# 1.000000 dist:1.000000
5.000000 2.000000 3.250000
5.000000 3.000000 3.250000


# 2.449490 dist:2.449490
5.000000 2.000000 3.250000
4.000000 3.000000 1.250000


# 2.236068 dist:2.236068
0.000000 3.000000 3.250000
1.000000 3.000000 1.250000


# 1.000000 dist:1.000000
0.000000 2.000000 3.250000
0.000000 3.000000 3.250000


# 1.414214 dist:1.414214
0.000000 3.000000 3.250000
0.000000 4.000000 4.250000


# 2.449490 dist:2.449490
1.000000 2.000000 1.250000
0.000000 3.000000 3.250000


# 2.236068 dist:2.236068
0.000000 3.000000 3.250000
1.000000 3.000000 1.250000


# 1.414214 dist:1.414214
1.000000 3.000000 1.250000
2.000000 3.000000 0.250000


# 1.000000 dist:1.000000
1.000000 2.000000 1.250000
1.000000 3.000000 1.250000


# 1.414214 dist:1.414214
1.000000 3.000000 1.250000
1.000000 4.000000 2.250000


# 3.316625 dist:3.316625
1.000000 3.000000 1.250000
0.000000 4.000000 4.250000


# 1.732051 dist:1.732051
2.000000 2.000000 0.250000
1.000000 3.000000 1.250000


# 1.414214 dist:1.414214
1.000000 3.000000 1.250000
2.000000 3.000000 0.250000


# 1.000000 dist:1.000000
2.000000 3.000000 0.250000
3.000000 3.000000 0.250000


# 1.000000 dist:1.000000
2.000000 2.000000 0.250000
2.000000 3.000000 0.250000


# 1.414214 dist:1.414214
2.000000 3.000000 0.250000
2.000000 4.000000 1.250000


# 2.449490 dist:2.449490
2.000000 3.000000 0.250000
1.000000 4.000000 2.250000


# 1.414214 dist:1.414214
3.000000 2.000000 0.250000
2.000000 3.000000 0.250000


# 1.000000 dist:1.000000
2.000000 3.000000 0.250000
3.000000 3.000000 0.250000


# 1.414214 dist:1.414214
3.000000 3.000000 0.250000
4.000000 3.000000 1.250000


# 1.000000 dist:1.000000
3.000000 2.000000 0.250000
3.000000 3.000000 0.250000


# 1.414214 dist:1.414214
3.000000 3.000000 0.250000
3.000000 4.000000 1.250000


# 1.732051 dist:1.732051
3.000000 3.000000 0.250000
2.000000 4.000000 1.250000


# 1.732051 dist:1.732051
4.000000 2.000000 1.250000
3.000000 3.000000 0.250000


# 1.414214 dist:1.414214
3.000000 3.000000 0.250000
4.000000 3.000000 1.250000


# 2.236068 dist:2.236068
4.000000 3.000000 1.250000
5.000000 3.000000 3.250000


# 1.000000 dist:1.000000
4.000000 2.000000 1.250000
4.000000 3.000000 1.250000


# 1.414214 dist:1.414214
4.000000 3.000000 1.250000
4.000000 4.000000 2.250000


# 1.414214 dist:1.414214
4.000000 3.000000 1.250000
3.000000 4.000000 1.250000


# 2.449490 dist:2.449490
5.000000 2.000000 3.250000
4.000000 3.000000 1.250000


# 2.236068 dist:2.236068
4.000000 3.000000 1.250000
5.000000 3.000000 3.250000


# 1.000000 dist:1.000000
5.000000 2.000000 3.250000
5.000000 3.000000 3.250000


# 1.414214 dist:1.414214
5.000000 3.000000 3.250000
5.000000 4.000000 4.250000


# 1.732051 dist:1.732051
5.000000 3.000000 3.250000
4.000000 4.000000 2.250000


# 2.236068 dist:2.236068
0.000000 4.000000 4.250000
1.000000 4.000000 2.250000


# 1.414214 dist:1.414214
0.000000 3.000000 3.250000
0.000000 4.000000 4.250000


# 2.236068 dist:2.236068
0.000000 4.000000 4.250000
0.000000 5.000000 6.250000


# 3.316625 dist:3.316625
1.000000 3.000000 1.250000
0.000000 4.000000 4.250000


# 2.236068 dist:2.236068
0.000000 4.000000 4.250000
1.000000 4.000000 2.250000


# 1.414214 dist:1.414214
1.000000 4.000000 2.250000
2.000000 4.000000 1.250000


# 1.414214 dist:1.414214
1.000000 3.000000 1.250000
1.000000 4.000000 2.250000


# 2.236068 dist:2.236068
1.000000 4.000000 2.250000
1.000000 5.000000 4.250000


# 4.242641 dist:4.242641
1.000000 4.000000 2.250000
0.000000 5.000000 6.250000


# 2.449490 dist:2.449490
2.000000 3.000000 0.250000
1.000000 4.000000 2.250000


# 1.414214 dist:1.414214
1.000000 4.000000 2.250000
2.000000 4.000000 1.250000


# 1.000000 dist:1.000000
2.000000 4.000000 1.250000
3.000000 4.000000 1.250000


# 1.414214 dist:1.414214
2.000000 3.000000 0.250000
2.000000 4.000000 1.250000


# 2.236068 dist:2.236068
2.000000 4.000000 1.250000
2.000000 5.000000 3.250000


# 3.316625 dist:3.316625
2.000000 4.000000 1.250000
1.000000 5.000000 4.250000


# 1.732051 dist:1.732051
3.000000 3.000000 0.250000
2.000000 4.000000 1.250000


# 1.000000 dist:1.000000
2.000000 4.000000 1.250000
3.000000 4.000000 1.250000


# 1.414214 dist:1.414214
3.000000 4.000000 1.250000
4.000000 4.000000 2.250000


# 1.414214 dist:1.414214
3.000000 3.000000 0.250000
3.000000 4.000000 1.250000


# 2.236068 dist:2.236068
3.000000 4.000000 1.250000
3.000000 5.000000 3.250000


# 2.449490 dist:2.449490
3.000000 4.000000 1.250000
2.000000 5.000000 3.250000


# 1.414214 dist:1.414214
4.000000 3.000000 1.250000
3.000000 4.000000 1.250000


# 1.414214 dist:1.414214
3.000000 4.000000 1.250000
4.000000 4.000000 2.250000


# 2.236068 dist:2.236068
4.000000 4.000000 2.250000
5.000000 4.000000 4.250000


# 1.414214 dist:1.414214
4.000000 3.000000 1.250000
4.000000 4.000000 2.250000


# 2.236068 dist:2.236068
4.000000 4.000000 2.250000
4.000000 5.000000 4.250000


# 1.732051 dist:1.732051
4.000000 4.000000 2.250000
3.000000 5.000000 3.250000


# 1.732051 dist:1.732051
5.000000 3.000000 3.250000
4.000000 4.000000 2.250000


# 2.236068 dist:2.236068
4.000000 4.000000 2.250000
5.000000 4.000000 4.250000


# 1.414214 dist:1.414214
5.000000 3.000000 3.250000
5.000000 4.000000 4.250000


# 2.236068 dist:2.236068
5.000000 4.000000 4.250000
5.000000 5.000000 6.250000


# 1.414214 dist:1.414214
5.000000 4.000000 4.250000
4.000000 5.000000 4.250000


# 2.236068 dist:2.236068
0.000000 5.000000 6.250000
1.000000 5.000000 4.250000


# 2.236068 dist:2.236068
0.000000 4.000000 4.250000
0.000000 5.000000 6.250000


# 4.242641 dist:4.242641
1.000000 4.000000 2.250000
0.000000 5.000000 6.250000


# 2.236068 dist:2.236068
0.000000 5.000000 6.250000
1.000000 5.000000 4.250000


# 1.414214 dist:1.414214
1.000000 5.000000 4.250000
2.000000 5.000000 3.250000


# 2.236068 dist:2.236068
1.000000 4.000000 2.250000
1.000000 5.000000 4.250000


# 3.316625 dist:3.316625
2.000000 4.000000 1.250000
1.000000 5.000000 4.250000


# 1.414214 dist:1.414214
1.000000 5.000000 4.250000
2.000000 5.000000 3.250000


# 1.000000 dist:1.000000
2.000000 5.000000 3.250000
3.000000 5.000000 3.250000


# 2.236068 dist:2.236068
2.000000 4.000000 1.250000
2.000000 5.000000 3.250000


# 2.449490 dist:2.449490
3.000000 4.000000 1.250000
2.000000 5.000000 3.250000


# 1.000000 dist:1.000000
2.000000 5.000000 3.250000
3.000000 5.000000 3.250000


# 1.414214 dist:1.414214
3.000000 5.000000 3.250000
4.000000 5.000000 4.250000


# 2.236068 dist:2.236068
3.000000 4.000000 1.250000
3.000000 5.000000 3.250000


# 1.732051 dist:1.732051
4.000000 4.000000 2.250000
3.000000 5.000000 3.250000


# 1.414214 dist:1.414214
3.000000 5.000000 3.250000
4.000000 5.000000 4.250000


# 2.236068 dist:2.236068
4.000000 5.000000 4.250000
5.000000 5.000000 6.250000


# 2.236068 dist:2.236068
4.000000 4.000000 2.250000
4.000000 5.000000 4.250000


# 1.414214 dist:1.414214
5.000000 4.000000 4.250000
4.000000 5.000000 4.250000


# 2.236068 dist:2.236068
4.000000 5.000000 4.250000
5.000000 5.000000 6.250000


# 2.236068 dist:2.236068
5.000000 4.000000 4.250000
5.000000 5.000000 6.250000


