# 2.236068 dist:2.234621
-2.115381 -2.115381 0.000000
-0.058186 -1.242754 0.000000


# 2.236068 dist:2.234621
-2.115381 -2.115381 0.000000
-1.242754 -0.058186 0.000000


# 2.236068 dist:2.234621
-2.115381 -2.115381 0.000000
-0.058186 -1.242754 0.000000


# 1.414214 dist:1.653636
-0.058186 -1.242754 0.000000
1.594089 -1.175655 0.000000


# 2.236068 dist:2.058830
-0.058186 -1.242754 0.000000
0.679414 0.679414 0.000000


# 1.414214 dist:1.675232
-0.058186 -1.242754 0.000000
-1.242754 -0.058186 0.000000


# 1.414214 dist:1.653636
-0.058186 -1.242754 0.000000
1.594089 -1.175655 0.000000


# 1.000000 dist:1.435675
1.594089 -1.175655 0.000000
2.991952 -1.502980 0.000000


# 2.236068 dist:2.085938
1.594089 -1.175655 0.000000
2.033428 0.863491 0.000000


# 1.732051 dist:2.068312
1.594089 -1.175655 0.000000
0.679414 0.679414 0.000000


# 1.000000 dist:1.435675
1.594089 -1.175655 0.000000
2.991952 -1.502980 0.000000


# 1.414214 dist:1.852155
2.991952 -1.502980 0.000000
4.791608 -1.940833 0.000000


# 2.236068 dist:2.199001
2.991952 -1.502980 0.000000
3.088297 0.693909 0.000000


# 2.449490 dist:2.553224
2.991952 -1.502980 0.000000
2.033428 0.863491 0.000000


# 1.414214 dist:1.852155
2.991952 -1.502980 0.000000
4.791608 -1.940833 0.000000


# 2.236068 dist:2.516627
4.791608 -1.940833 0.000000
7.284639 -2.284639 0.000000


# 2.236068 dist:2.381094
4.791608 -1.940833 0.000000
4.570067 0.429933 0.000000


# 3.316625 dist:3.137376
4.791608 -1.940833 0.000000
3.088297 0.693909 0.000000


# 2.236068 dist:2.516627
4.791608 -1.940833 0.000000
7.284639 -2.284639 0.000000


# 2.236068 dist:2.516627
7.284639 -2.284639 0.000000
6.940833 0.208392 0.000000


# 4.242641 dist:3.838985
7.284639 -2.284639 0.000000
4.570067 0.429933 0.000000


# 2.236068 dist:2.058830
-1.242754 -0.058186 0.000000
0.679414 0.679414 0.000000


# 2.236068 dist:2.234621
-2.115381 -2.115381 0.000000
-1.242754 -0.058186 0.000000


# 1.414214 dist:1.653636
-1.242754 -0.058186 0.000000
-1.175655 1.594089 0.000000


# 1.414214 dist:1.675232
-0.058186 -1.242754 0.000000
-1.242754 -0.058186 0.000000


# 2.236068 dist:2.058830
-1.242754 -0.058186 0.000000
0.679414 0.679414 0.000000


# 1.414214 dist:1.366470
0.679414 0.679414 0.000000
2.033428 0.863491 0.000000


# 2.236068 dist:2.058830
-0.058186 -1.242754 0.000000
0.679414 0.679414 0.000000


# 1.414214 dist:1.366470
0.679414 0.679414 0.000000
0.863491 2.033428 0.000000


# 1.732051 dist:2.068312
0.679414 0.679414 0.000000
-1.175655 1.594089 0.000000


# 1.732051 dist:2.068312
1.594089 -1.175655 0.000000
0.679414 0.679414 0.000000


# 1.414214 dist:1.366470
0.679414 0.679414 0.000000
2.033428 0.863491 0.000000


# 1.000000 dist:1.068413
2.033428 0.863491 0.000000
3.088297 0.693909 0.000000


# 2.236068 dist:2.085938
1.594089 -1.175655 0.000000
2.033428 0.863491 0.000000


# 1.414214 dist:1.263455
2.033428 0.863491 0.000000
2.123716 2.123716 0.000000


# 1.414214 dist:1.654541
2.033428 0.863491 0.000000
0.863491 2.033428 0.000000


# 2.449490 dist:2.553224
2.991952 -1.502980 0.000000
2.033428 0.863491 0.000000


# 1.000000 dist:1.068413
2.033428 0.863491 0.000000
3.088297 0.693909 0.000000


# 1.414214 dist:1.505099
3.088297 0.693909 0.000000
4.570067 0.429933 0.000000


# 2.236068 dist:2.199001
2.991952 -1.502980 0.000000
3.088297 0.693909 0.000000


# 1.414214 dist:1.321541
3.088297 0.693909 0.000000
2.988336 2.011664 0.000000


# 1.732051 dist:1.724751
3.088297 0.693909 0.000000
2.123716 2.123716 0.000000


# 3.316625 dist:3.137376
4.791608 -1.940833 0.000000
3.088297 0.693909 0.000000


# 1.414214 dist:1.505099
3.088297 0.693909 0.000000
4.570067 0.429933 0.000000


# 2.236068 dist:2.381094
4.570067 0.429933 0.000000
6.940833 0.208392 0.000000


# 2.236068 dist:2.381094
4.791608 -1.940833 0.000000
4.570067 0.429933 0.000000


# 1.414214 dist:1.505099
4.570067 0.429933 0.000000
4.306091 1.911703 0.000000


# 2.449490 dist:2.236906
4.570067 0.429933 0.000000
2.988336 2.011664 0.000000


# 4.242641 dist:3.838985
7.284639 -2.284639 0.000000
4.570067 0.429933 0.000000


# 2.236068 dist:2.381094
4.570067 0.429933 0.000000
6.940833 0.208392 0.000000


# 2.236068 dist:2.516627
7.284639 -2.284639 0.000000
6.940833 0.208392 0.000000


# 1.414214 dist:1.852155
6.940833 0.208392 0.000000
6.502980 2.008048 0.000000


# 3.316625 dist:3.137376
6.940833 0.208392 0.000000
4.306091 1.911703 0.000000


# 2.236068 dist:2.085938
-1.175655 1.594089 0.000000
0.863491 2.033428 0.000000


# 1.414214 dist:1.653636
-1.242754 -0.058186 0.000000
-1.175655 1.594089 0.000000


# 1.000000 dist:1.435675
-1.175655 1.594089 0.000000
-1.502980 2.991952 0.000000


# 1.732051 dist:2.068312
0.679414 0.679414 0.000000
-1.175655 1.594089 0.000000


# 2.236068 dist:2.085938
-1.175655 1.594089 0.000000
0.863491 2.033428 0.000000


# 1.414214 dist:1.263455
0.863491 2.033428 0.000000
2.123716 2.123716 0.000000


# 1.414214 dist:1.366470
0.679414 0.679414 0.000000
0.863491 2.033428 0.000000


# 1.000000 dist:1.068413
0.863491 2.033428 0.000000
0.693909 3.088297 0.000000


# 2.449490 dist:2.553224
0.863491 2.033428 0.000000
-1.502980 2.991952 0.000000


# 1.414214 dist:1.654541
2.033428 0.863491 0.000000
0.863491 2.033428 0.000000


# 1.414214 dist:1.263455
0.863491 2.033428 0.000000
2.123716 2.123716 0.000000


# 1.000000 dist:0.871850
2.123716 2.123716 0.000000
2.988336 2.011664 0.000000


# 1.414214 dist:1.263455
2.033428 0.863491 0.000000
2.123716 2.123716 0.000000


# 1.000000 dist:0.871850
2.123716 2.123716 0.000000
2.011664 2.988336 0.000000


# 1.732051 dist:1.724751
2.123716 2.123716 0.000000
0.693909 3.088297 0.000000


# 1.732051 dist:1.724751
3.088297 0.693909 0.000000
2.123716 2.123716 0.000000


# 1.000000 dist:0.871850
2.123716 2.123716 0.000000
2.988336 2.011664 0.000000


# 1.414214 dist:1.321541
2.988336 2.011664 0.000000
4.306091 1.911703 0.000000


# 1.414214 dist:1.321541
3.088297 0.693909 0.000000
2.988336 2.011664 0.000000


# 1.000000 dist:0.871850
2.988336 2.011664 0.000000
2.876284 2.876284 0.000000


# 1.414214 dist:1.381222
2.988336 2.011664 0.000000
2.011664 2.988336 0.000000


# 2.449490 dist:2.236906
4.570067 0.429933 0.000000
2.988336 2.011664 0.000000


# 1.414214 dist:1.321541
2.988336 2.011664 0.000000
4.306091 1.911703 0.000000


# 2.236068 dist:2.199001
4.306091 1.911703 0.000000
6.502980 2.008048 0.000000


# 1.414214 dist:1.505099
4.570067 0.429933 0.000000
4.306091 1.911703 0.000000


# 1.000000 dist:1.068413
4.306091 1.911703 0.000000
4.136509 2.966572 0.000000


# 1.732051 dist:1.724751
4.306091 1.911703 0.000000
2.876284 2.876284 0.000000


# 3.316625 dist:3.137376
6.940833 0.208392 0.000000
4.306091 1.911703 0.000000


# 2.236068 dist:2.199001
4.306091 1.911703 0.000000
6.502980 2.008048 0.000000


# 1.414214 dist:1.852155
6.940833 0.208392 0.000000
6.502980 2.008048 0.000000


# 1.000000 dist:1.435675
6.502980 2.008048 0.000000
6.175655 3.405911 0.000000


# 2.449490 dist:2.553224
6.502980 2.008048 0.000000
4.136509 2.966572 0.000000


# 2.236068 dist:2.199001
-1.502980 2.991952 0.000000
0.693909 3.088297 0.000000


# 1.000000 dist:1.435675
-1.175655 1.594089 0.000000
-1.502980 2.991952 0.000000


# 1.414214 dist:1.852155
-1.502980 2.991952 0.000000
-1.940833 4.791608 0.000000


# 2.449490 dist:2.553224
0.863491 2.033428 0.000000
-1.502980 2.991952 0.000000


# 2.236068 dist:2.199001
-1.502980 2.991952 0.000000
0.693909 3.088297 0.000000


# 1.414214 dist:1.321541
0.693909 3.088297 0.000000
2.011664 2.988336 0.000000


# 1.000000 dist:1.068413
0.863491 2.033428 0.000000
0.693909 3.088297 0.000000


# 1.414214 dist:1.505099
0.693909 3.088297 0.000000
0.429933 4.570067 0.000000


# 3.316625 dist:3.137376
0.693909 3.088297 0.000000
-1.940833 4.791608 0.000000


# 1.732051 dist:1.724751
2.123716 2.123716 0.000000
0.693909 3.088297 0.000000


# 1.414214 dist:1.321541
0.693909 3.088297 0.000000
2.011664 2.988336 0.000000


# 1.000000 dist:0.871850
2.011664 2.988336 0.000000
2.876284 2.876284 0.000000


# 1.000000 dist:0.871850
2.123716 2.123716 0.000000
2.011664 2.988336 0.000000


# 1.414214 dist:1.321541
2.011664 2.988336 0.000000
1.911703 4.306091 0.000000


# 2.449490 dist:2.236906
2.011664 2.988336 0.000000
0.429933 4.570067 0.000000


# 1.414214 dist:1.381222
2.988336 2.011664 0.000000
2.011664 2.988336 0.000000


# 1.000000 dist:0.871850
2.011664 2.988336 0.000000
2.876284 2.876284 0.000000


# 1.414214 dist:1.263455
2.876284 2.876284 0.000000
4.136509 2.966572 0.000000


# 1.000000 dist:0.871850
2.988336 2.011664 0.000000
2.876284 2.876284 0.000000


# 1.414214 dist:1.263455
2.876284 2.876284 0.000000
2.966572 4.136509 0.000000


# 1.732051 dist:1.724751
2.876284 2.876284 0.000000
1.911703 4.306091 0.000000


# 1.732051 dist:1.724751
4.306091 1.911703 0.000000
2.876284 2.876284 0.000000


# 1.414214 dist:1.263455
2.876284 2.876284 0.000000
4.136509 2.966572 0.000000


# 2.236068 dist:2.085938
4.136509 2.966572 0.000000
6.175655 3.405911 0.000000


# 1.000000 dist:1.068413
4.306091 1.911703 0.000000
4.136509 2.966572 0.000000


# 1.414214 dist:1.366470
4.136509 2.966572 0.000000
4.320586 4.320586 0.000000


# 1.414214 dist:1.654541
4.136509 2.966572 0.000000
2.966572 4.136509 0.000000


# 2.449490 dist:2.553224
6.502980 2.008048 0.000000
4.136509 2.966572 0.000000


# 2.236068 dist:2.085938
4.136509 2.966572 0.000000
6.175655 3.405911 0.000000


# 1.000000 dist:1.435675
6.502980 2.008048 0.000000
6.175655 3.405911 0.000000


# 1.414214 dist:1.653636
6.175655 3.405911 0.000000
6.242754 5.058186 0.000000


# 1.732051 dist:2.068312
6.175655 3.405911 0.000000
4.320586 4.320586 0.000000


# 2.236068 dist:2.381094
-1.940833 4.791608 0.000000
0.429933 4.570067 0.000000


# 1.414214 dist:1.852155
-1.502980 2.991952 0.000000
-1.940833 4.791608 0.000000


# 2.236068 dist:2.516627
-1.940833 4.791608 0.000000
-2.284639 7.284639 0.000000


# 3.316625 dist:3.137376
0.693909 3.088297 0.000000
-1.940833 4.791608 0.000000


# 2.236068 dist:2.381094
-1.940833 4.791608 0.000000
0.429933 4.570067 0.000000


# 1.414214 dist:1.505099
0.429933 4.570067 0.000000
1.911703 4.306091 0.000000


# 1.414214 dist:1.505099
0.693909 3.088297 0.000000
0.429933 4.570067 0.000000


# 2.236068 dist:2.381094
0.429933 4.570067 0.000000
0.208392 6.940833 0.000000


# 4.242641 dist:3.838985
0.429933 4.570067 0.000000
-2.284639 7.284639 0.000000


# 2.449490 dist:2.236906
2.011664 2.988336 0.000000
0.429933 4.570067 0.000000


# 1.414214 dist:1.505099
0.429933 4.570067 0.000000
1.911703 4.306091 0.000000


# 1.000000 dist:1.068413
1.911703 4.306091 0.000000
2.966572 4.136509 0.000000


# 1.414214 dist:1.321541
2.011664 2.988336 0.000000
1.911703 4.306091 0.000000


# 2.236068 dist:2.199001
1.911703 4.306091 0.000000
2.008048 6.502980 0.000000


# 3.316625 dist:3.137376
1.911703 4.306091 0.000000
0.208392 6.940833 0.000000


# 1.732051 dist:1.724751
2.876284 2.876284 0.000000
1.911703 4.306091 0.000000


# 1.000000 dist:1.068413
1.911703 4.306091 0.000000
2.966572 4.136509 0.000000


# 1.414214 dist:1.366470
2.966572 4.136509 0.000000
4.320586 4.320586 0.000000


# 1.414214 dist:1.263455
2.876284 2.876284 0.000000
2.966572 4.136509 0.000000


# 2.236068 dist:2.085938
2.966572 4.136509 0.000000
3.405911 6.175655 0.000000


# 2.449490 dist:2.553224
2.966572 4.136509 0.000000
2.008048 6.502980 0.000000


# 1.414214 dist:1.654541
4.136509 2.966572 0.000000
2.966572 4.136509 0.000000


# 1.414214 dist:1.366470
2.966572 4.136509 0.000000
4.320586 4.320586 0.000000


# 2.236068 dist:2.058830
4.320586 4.320586 0.000000
6.242754 5.058186 0.000000


# 1.414214 dist:1.366470
4.136509 2.966572 0.000000
4.320586 4.320586 0.000000


# 2.236068 dist:2.058830
4.320586 4.320586 0.000000
5.058186 6.242754 0.000000


# 1.732051 dist:2.068312
4.320586 4.320586 0.000000
3.405911 6.175655 0.000000


# 1.732051 dist:2.068312
6.175655 3.405911 0.000000
4.320586 4.320586 0.000000


# 2.236068 dist:2.058830
4.320586 4.320586 0.000000
6.242754 5.058186 0.000000


# 1.414214 dist:1.653636
6.175655 3.405911 0.000000
6.242754 5.058186 0.000000


# 2.236068 dist:2.234621
6.242754 5.058186 0.000000
7.115381 7.115381 0.000000


# 1.414214 dist:1.675232
6.242754 5.058186 0.000000
5.058186 6.242754 0.000000


# 2.236068 dist:2.516627
-2.284639 7.284639 0.000000
0.208392 6.940833 0.000000


# 2.236068 dist:2.516627
-1.940833 4.791608 0.000000
-2.284639 7.284639 0.000000


# 4.242641 dist:3.838985
0.429933 4.570067 0.000000
-2.284639 7.284639 0.000000


# 2.236068 dist:2.516627
-2.284639 7.284639 0.000000
0.208392 6.940833 0.000000


# 1.414214 dist:1.852155
0.208392 6.940833 0.000000
2.008048 6.502980 0.000000


# 2.236068 dist:2.381094
0.429933 4.570067 0.000000
0.208392 6.940833 0.000000


# 3.316625 dist:3.137376
1.911703 4.306091 0.000000
0.208392 6.940833 0.000000


# 1.414214 dist:1.852155
0.208392 6.940833 0.000000
2.008048 6.502980 0.000000


# 1.000000 dist:1.435675
2.008048 6.502980 0.000000
3.405911 6.175655 0.000000


# 2.236068 dist:2.199001
1.911703 4.306091 0.000000
2.008048 6.502980 0.000000


# 2.449490 dist:2.553224
2.966572 4.136509 0.000000
2.008048 6.502980 0.000000


# 1.000000 dist:1.435675
2.008048 6.502980 0.000000
3.405911 6.175655 0.000000


# 1.414214 dist:1.653636
3.405911 6.175655 0.000000
5.058186 6.242754 0.000000


# 2.236068 dist:2.085938
2.966572 4.136509 0.000000
3.405911 6.175655 0.000000


# 1.732051 dist:2.068312
4.320586 4.320586 0.000000
3.405911 6.175655 0.000000


# 1.414214 dist:1.653636
3.405911 6.175655 0.000000
5.058186 6.242754 0.000000


# 2.236068 dist:2.234621
5.058186 6.242754 0.000000
7.115381 7.115381 0.000000


# 2.236068 dist:2.058830
4.320586 4.320586 0.000000
5.058186 6.242754 0.000000


# 1.414214 dist:1.675232
6.242754 5.058186 0.000000
5.058186 6.242754 0.000000


# 2.236068 dist:2.234621
5.058186 6.242754 0.000000
7.115381 7.115381 0.000000


# 2.236068 dist:2.234621
6.242754 5.058186 0.000000
7.115381 7.115381 0.000000


